Dataset MNIST
    Number of datapoints: 60000
    Root location: ./mnist_data/
    Split: Train
    StandardTransform
Transform: ToTensor()
====Training start====
====> Epoch: 0 Average loss: 30.481064811
====> Epoch: 10 Average loss: 5.735789941
====> Epoch: 20 Average loss: 3.491042407
====> Epoch: 30 Average loss: 2.632475931
====> Epoch: 40 Average loss: 2.186619140
====> Epoch: 50 Average loss: 1.910921376
====> Epoch: 60 Average loss: 1.712876746
====> Epoch: 70 Average loss: 1.567637085
====> Epoch: 80 Average loss: 1.449221629
====> Epoch: 90 Average loss: 1.353510491
====Training finish====
tensor([[6, 8, 8, 1, 9, 9, 5, 8, 7, 8],
        [7, 7, 2, 0, 5, 2, 3, 8, 6, 3],
        [8, 2, 9, 1, 3, 4, 5, 1, 4, 1],
        [2, 9, 2, 2, 0, 2, 2, 2, 0, 8],
        [7, 7, 0, 0, 8, 6, 0, 6, 9, 5],
        [6, 6, 6, 0, 4, 4, 8, 8, 8, 7],
        [5, 7, 4, 4, 5, 4, 4, 7, 4, 6],
        [4, 4, 3, 1, 0, 3, 0, 7, 5, 8],
        [7, 8, 0, 6, 7, 1, 5, 6, 1, 2],
        [5, 2, 4, 7, 6, 4, 7, 5, 6, 7]])
tensor([[4, 6, 4, 4, 0, 8, 2, 6, 4, 4],
        [5, 0, 5, 9, 9, 0, 4, 5, 4, 6],
        [6, 9, 6, 3, 9, 0, 3, 9, 2, 3],
        [2, 4, 4, 6, 1, 8, 3, 3, 2, 3],
        [5, 2, 4, 7, 6, 4, 7, 5, 6, 7]])
tensor([[4, 6, 4, 4, 0, 8, 2, 6, 4, 4],
        [5, 0, 5, 9, 9, 0, 4, 5, 4, 6],
        [6, 9, 6, 3, 9, 0, 3, 9, 2, 3],
        [5, 2, 4, 7, 6, 4, 7, 5, 6, 7]])
tensor([[4, 6, 4, 4, 0, 8, 2, 6, 4, 4],
        [5, 0, 5, 9, 9, 0, 4, 5, 4, 6],
        [5, 2, 4, 7, 6, 4, 7, 5, 6, 7]])
tensor([[4, 6, 4, 4, 0, 8, 2, 6, 4, 4],
        [5, 2, 4, 7, 6, 4, 7, 5, 6, 7]])
tensor([[4, 6, 4, 4, 0, 8, 2, 6, 4, 4],
        [5, 2, 4, 7, 6, 4, 7, 5, 6, 7]])
tensor([[4, 6, 4, 4, 0, 8, 2, 6, 4, 4],
        [5, 0, 5, 9, 9, 0, 4, 5, 4, 6],
        [5, 2, 4, 7, 6, 4, 7, 5, 6, 7]])
        [5, 2, 4, 7, 6, 4, 7, 5, 6, 7]])
        [5, 2, 4, 7, 6, 4, 7, 5, 6, 7]])
        [5, 2, 4, 7, 6, 4, 7, 5, 6, 7]])
        [5, 2, 4, 7, 6, 4, 7, 5, 6, 7]])
        [5, 2, 4, 7, 6, 4, 7, 5, 6, 7]])
        [5, 2, 4, 7, 6, 4, 7, 5, 6, 7]])
tensor([[4, 6, 4, 4, 0, 8, 2, 6, 4, 4],
        [5, 2, 4, 7, 6, 4, 7, 5, 6, 7]])
        [5, 2, 4, 7, 6, 4, 7, 5, 6, 7]])
tensor([[4, 6, 4, 4, 0, 8, 2, 6, 4, 4],
        [5, 2, 4, 7, 6, 4, 7, 5, 6, 7]])
        [5, 2, 4, 7, 6, 4, 7, 5, 6, 7]])
tensor([[4, 6, 4, 4, 0, 8, 2, 6, 4, 4],
        [5, 0, 5, 9, 9, 0, 4, 5, 4, 6],
        [6, 9, 6, 3, 9, 0, 3, 9, 2, 3],
        [2, 4, 4, 6, 1, 8, 3, 3, 2, 3],
        [6, 7, 3, 8, 0, 0, 9, 0, 1, 5],
        [3, 0, 8, 0, 5, 0, 7, 1, 8, 8],
        [9, 2, 7, 5, 6, 6, 1, 8, 2, 3],
        [8, 7, 5, 7, 3, 6, 7, 4, 5, 9],
        [5, 6, 3, 5, 3, 9, 5, 8, 0, 5],
        [4, 3, 1, 1, 3, 9, 2, 5, 9, 6]])
Recognition accuracy according to the learned representation is 52.0%